Sequential Model Results:
R-squared: 0.9169046108551568
Chi-squared: 2.4749365138916626
Parameters: [0.82071285 0.03829849 0.58274654]

Random Model Results:
R-squared: 1.0
Chi-squared: 9.847664477702363e-21
Parameters: [1.00000000e+00 1.00000000e-01 3.99139567e-12 1.00000000e-01]

Ping Pong Model Results:
R-squared: 1.0
Chi-squared: 3.1347061282056116e-30
Parameters: [1.  0.1 0.1]

